309248	0
376358	0
443519	0
510495	0
693440	0
780349	0
847353	0
914325	0
981312	0
1048302	0
1186021	0
1253010	0
1319985	0
1386963	0
1453931	0
1520895	0
1587854	0
1654815	0
1721777	0
1788753	0
1925343	0
1992333	0
2059288	0
2126253	0
2193224	0
2260203	0
2327177	0
2394142	0
2461101	0
2528057	0
2662088	0
2729064	0
2796040	0
2863001	0
2929964	0
2996917	0
3063885	0
3130855	0
3197833	0
3264803	0
3398928	0
3465887	0
3532851	0
3599825	0
3666802	0
3733776	0
3800740	0
3867699	0
3934658	0
4001620	0
4136366	0
4203336	0
4270303	0
4337578	0
4404539	0
4471501	0
4538477	0
4605456	0
4672428	0
4739387	0
4893475	0
4953758	0
5014026	0
5074294	0
5134560	0
5194826	0
5255090	0
5315361	0
5377434	0
5437825	0
5558567	0
5618844	0
5679118	0
5739393	0
5799664	0
5859936	0
5920205	0
5980613	0
6040879	0
6101145	0
6222202	0
6282574	0
6342845	0
6403117	0
6463393	0
6523670	0
6583945	0
6644220	0
6704490	0
6764760	0
6885761	0
6946026	0
7006289	0
7066558	0
7126827	0
7187097	0
7247368	0
7307695	0
7367970	0
7428246	0
7549238	0
7609509	0
7669779	0
7730045	0
7790311	0
7850577	0
7910842	0
7971113	0
8031379	0
8091654	0
8212719	0
8272994	0
8333269	0
8393544	0
8453813	0
8514084	0
8574350	0
8634893	0
8695157	0
8792713	0
8913851	0
8986123	0
9040909	0
9095684	0
9150485	0
9205578	0
9260364	0
9315141	0
9369940	0
9424851	0
9534681	0
9589473	0
9644280	0
9699128	0
9753904	0
9808697	0
9863504	0
9918352	0
9973128	0
10027920	0
10137710	0
10192584	0
10247375	0
10302183	0
10356977	0
10411860	0
10466650	0
10521454	0
10576252	0
10631127	0
10740908	0
10795703	0
10850481	0
10905341	0
10960147	0
11014944	0
11069723	0
11124583	0
11179391	0
11234190	0
11343929	0
11399044	0
11453845	0
11508624	0
11563407	0
11618453	0
11673260	0
11728040	0
11782821	0
11838035	0
11948016	0
12002791	0
12057588	0
12112631	0
12167423	0
12222196	0
12276992	0
12332040	0
12386830	0
12441604	0
12551478	0
12606385	0
12661160	0
12715950	0
12785505	0
12840336	0
12895143	0
12949931	0
13004708	0
13059798	0
13169808	0
13224583	0
13279369	0
13334286	0
13389083	0
13443859	0
13498645	0
13553560	0
13608356	0
13663133	0
13773146	0
13828065	0
13882842	0
13937621	0
13992422	0
14047504	0
14102284	0
14157065	0
14211866	0
14266727	0
14376648	0
14431447	0
14486252	0
14541144	0
14595921	0
14650722	0
14705527	0
14760483	0
14815259	0
14870056	0
14979861	0
15034930	0
15089724	0
15144530	0
15199318	0
15254357	0
15281800	0
15336602	0
15391401	0
15446268	0
15556020	0
15610825	0
15665606	0
15720385	0
15775184	0
15829990	0
15884772	0
15939548	0
15994350	0
16049157	0
16168433	0
16223686	0
16278472	0
16333281	0
16388074	0
16442851	0
16497639	0
16552447	0
16607237	0
16662016	0
16790982	0
16845768	0
16914793	0
16965010	0
17015256	0
17065459	0
17115701	0
17180947	0
17204141	0
17227311	0
17273752	0
17296941	0
17320108	0
17343281	0
17366477	0
17389664	0
17412830	0
17436005	0
17459202	0
17482387	0
17528915	0
17552113	0
17575296	0
17598585	0
17621767	0
17644963	0
17668142	0
17691308	0
17714491	0
17737686	0
17784182	0
17807690	0
17830886	0
17854061	0
17877229	0
17900415	0
17923609	0
17946783	0
17969952	0
17993141	0
18039729	0
18062900	0
18086092	0
18109283	0
18132450	0
18155623	0
18178820	0
18202006	0
18225172	0
18248347	0
18294930	0
18318183	0
18341362	0
18364556	0
18387739	0
18410903	0
18434086	0
18457283	0
18480462	0
18503928	0
18550512	0
18573687	0
18596854	0
18620038	0
18643235	0
18666411	0
18689577	0
18712765	0
18735959	0
18759131	0
18805652	0
18828844	0
18852014	0
18875183	0
18898379	0
18921567	0
18944735	0
18967910	0
18991106	0
19014293	0
19060965	0
19084162	0
19107348	0
19130513	0
19153691	0
19176888	0
19200072	0
19223502	0
19246683	0
19269880	0
19316430	0
19339613	0
19362810	0
19385987	0
19409153	0
19432494	0
19455690	0
19478865	0
19502032	0
19525554	0
19572126	0
19595292	0
19618483	0
19641675	0
19664847	0
19688015	0
19711211	0
19734401	0
19757569	0
19780742	0
19827305	0
19850813	0
19873986	0
19897181	0
19920370	0
19943668	0
19966849	0
19990044	0
20013229	0
20036393	0
20083082	0
20106263	0
20129428	0
20152609	0
20175807	0
20198986	0
20222152	0
20245337	0
20268532	0
20291709	0
20338445	0
20361641	0
20384814	0
20407982	0
20431172	0
20454364	0
20477537	0
20500705	0
20523899	0
20547089	0
20593629	0
20616823	0
20640011	0
20663177	0
20686352	0
20709549	0
20732737	0
20774154	0
20797361	0
20820530	0
20867257	0
20890447	0
20913615	0
20936788	0
20959985	0
20983172	0
21006338	0
21029515	0
21052712	0
21075896	0
21122620	0
21145817	0
21169000	0
21192164	0
21215345	0
21238542	0
21261721	0
21284887	0
21308071	0
21331268	0
21377759	0
21400947	0
21424143	0
21447315	0
21470483	0
21493849	0
21517043	0
21540214	0
21563382	0
21586575	0
21633141	0
21656313	0
21679508	0
21702694	0
21725862	0
21749036	0
21772233	0
21795419	0
21818585	0
21841762	0
21888339	0
21911504	0
21934684	0
21957883	0
21981063	0
22004229	0
22027410	0
22050607	0
22073784	0
22096951	0
22143520	0
22166698	0
22189862	0
22213050	0
22236245	0
22259419	0
22282585	0
22305778	0
22328971	0
22352140	0
22398670	0
22421859	0
22445027	0
22468201	0
22491396	0
22514584	0
22537750	0
22560926	0
22584123	0
22607306	0
22653980	0
22677178	0
22700360	0
22723523	0
22746705	0
22769902	0
22793081	0
22816384	0
22839566	0
22862763	0
22909534	0
22932855	0
22944469	0
22967645	0
22990842	0
23014027	0
23037192	0
23060369	0
23083568	0
23106750	0
23153300	0
23176497	0
23199678	0
23222844	0
23246027	0
23269224	0
23299712	0
23322946	0
23346109	0
23369297	0
23416070	0
23439236	0
23462426	0
23485619	0
23508791	0
23531961	0
23555156	0
23578344	0
23601512	0
23624684	0
23671230	0
23694396	0
23717571	0
23740766	0
23763953	0
23787117	0
23810296	0
23833493	0
23856676	0
23879840	0
23926417	0
23949596	0
23972760	0
23995945	0
24019143	0
24042318	0
24065484	0
24088670	0
24111866	0
24135041	0
24181797	0
24204993	0
24228166	0
24251336	0
24297372	0
24321469	0
24345566	0
24369680	0
24393802	0
24417908	0
24466320	0
24490442	0
24514554	0
24538652	0
24562751	0
24586870	0
24610990	0
24635090	0
24659184	0
24683297	0
24731898	0
24762290	0
24786388	0
24810494	0
24834616	0
24858730	0
24882824	0
24906924	0
24931042	0
24955162	0
25003580	0
25027691	0
25051812	0
25075925	0
25100018	0
25124122	0
25148243	0
25172360	0
25196457	0
25220553	0
25268996	0
25315807	0
25338993	0
25362190	0
25385365	0
25408531	0
25431719	0
25454914	0
25478086	0
25501254	0
25548003	0
25571173	0
25594343	0
25617536	0
25640726	0
25663894	0
25687066	0
25710261	0
25733449	0
25756615	0
25803289	0
25826475	0
25849640	0
25872819	0
25896015	0
25919198	0
25942362	0
25965543	0
25988740	0
26011919	0
26058437	0
26081635	0
26104810	0
26127977	0
26151162	0
26176895	0
26200078	0
26223243	0
26246425	0
26269622	0
26340219	0
26364341	0
26388452	0
26412546	0
26436648	0
26460770	0
26484886	0
26508984	0
26533082	0
26557196	0
26605585	0
26629985	0
26654092	0
26678214	0
26702327	0
26726423	0
26750522	0
26774641	0
26798761	0
26822862	0
26871228	0
26895351	0
26919461	0
26943554	0
26967658	0
26991780	0
27015894	0
27039992	0
27064091	0
27088205	0
27136589	0
27160682	0
27184790	0
27208913	0
27233024	0
27257119	0
27303339	0
27326525	0
27349689	0
27372866	0
27419405	0
27442569	0
27465750	0
27488947	0
27512126	0
27535292	0
27558475	0
27581672	0
27604849	0
27628015	0
27674890	0
27698066	0
27721230	0
27744420	0
27767613	0
27790787	0
27813955	0
27837145	0
27860337	0
27883507	0
27930030	0
27953222	0
27976390	0
27999564	0
28022757	0
28045945	0
28069111	0
28092288	0
28115484	0
28138669	0
28185172	0
28208369	0
28231552	0
28254716	0
28277897	0
28324032	0
28348124	0
28372233	0
28396357	0
28420467	0
28468825	0
28492946	0
28517062	0
28541164	0
28565257	0
28589372	0
28613494	0
28637601	0
28661694	0
28685799	0
28734194	0
28763392	0
28787479	0
28811582	0
28835704	0
28859821	0
28883920	0
28908014	0
28932129	0
28956251	0
29004668	0
29028776	0
29052899	0
29077010	0
29101106	0
29125206	0
29149326	0
29173444	0
29197546	0
29221640	0
29270040	0
29294148	0
29318241	0
29342347	0
29366469	0
29390583	0
29414681	0
29438778	0
29462894	0
29487016	0
29535978	0
29560083	0
29584207	0
29608320	0
29632414	0
29656515	0
29680635	0
29704755	0
29716811	0
29740933	0
29789306	0
29813404	0
29837522	0
29861642	0
29885745	0
29909838	0
29933949	0
29958071	0
29982182	0
30006274	0
30054658	0
30078774	0
30102882	0
30129516	0
30153624	0
30177745	0
30201858	0
30225954	0
30250055	0
30274174	0
30344522	0
30367710	0
30390904	0
30414068	0
30437241	0
30460436	0
30483626	0
30506790	0
30529965	0
30553162	0
30599669	0
30622846	0
30646043	0
30669226	0
30692392	0
30715571	0
30738769	0
30761950	0
30785113	0
30808298	0
30854835	0
30877999	0
30901185	0
30924381	0
30947556	0
30970720	0
30993912	0
31017105	0
31040275	0
31063445	0
31110104	0
31133274	0
31156446	0
31179639	0
31202829	0
31225995	0
31249169	0
31272367	0
31318719	0
31342822	0
31393983	0
31418090	0
31442182	0
31466290	0
31490413	0
31514526	0
31538619	0
31562720	0
31586840	0
31610959	0
31659311	0
31683423	0
31707545	0
31731653	0
31755747	0
31779852	0
31803974	0
31828088	0
31852186	0
31876283	0
31924679	0
31948783	0
31972876	0
31996985	0
32021107	0
32045218	0
32069313	0
32093414	0
32117535	0
32141653	0
32190006	0
32214119	0
32238241	0
32262348	0
32286441	0
32332950	0
32356130	0
32379295	0
32402477	0
32425673	0
32472177	0
32495362	0
32518559	0
32541734	0
32564900	0
32588089	0
32611283	0
32634455	0
32657622	0
32680812	0
32727408	0
32759776	0
32782955	0
32806147	0
32829341	0
32852510	0
32875680	0
32898873	0
32922063	0
32945232	0
32991980	0
33015168	0
33038335	0
33061510	0
33084706	0
33107981	0
33131145	0
33154322	0
33177521	0
33200804	0
33247466	0
33270664	0
33317191	0
33341300	0
33365422	0
33389535	0
33413629	0
33437731	0
33461849	0
33485967	0
33534844	0
33558954	0
33583078	0
33607189	0
33631282	0
33655478	0
33679600	0
33703716	0
33727814	0
33752146	0
33800774	0
33824881	0
33848975	0
33873186	0
33897308	0
33921423	0
33945519	0
33969944	0
33994061	0
34018183	0
34066787	0
34090995	0
34115117	0
34139230	0
34163324	0
34187746	0
34211864	0
34235984	0
34260084	0
34286532	0
34334907	0
34359023	0
34383118	0
34407218	0
34431334	0
34455456	0
34479558	0
34503652	0
34527763	0
34551885	0
34600302	0
34624404	0
34648524	0
34672642	0
34696740	0
34721107	0
34745220	0
34769344	0
34793451	0
34817824	0
34866463	0
34890579	0
34914675	0
34938901	0
34963016	0
34987138	0
35011242	0
35035336	0
35059446	0
35083569	0
35131924	0
35156024	0
35180144	0
35204263	0
35228362	0
35252458	0
35276571	0
35300694	0
35324802	0
35351396	0
35399762	0
35423882	0
35447984	0
35474523	0
35498627	0
35522749	0
35546865	0
35570961	0
35595059	0
35619177	0
35667885	0
35691978	0
35716086	0
35740208	0
35764319	0
35788413	0
35812516	0
35836635	0
35860753	0
35884945	0
35933876	0
35958002	0
35982111	0
36006354	0
36030455	0
36054577	0
36078694	0
36102884	0
36126981	0
36151097	0
36199683	0
36223868	0
36247976	0
36272098	0
36296210	0
36320393	0
36344493	0
36368610	0
36392731	0
36416927	0
36465465	0
36489587	0
36513698	0
36537909	0
36550000	0
36574105	0
36598200	0
36622783	0
36646905	0
36671018	0
1035227	1
1102828	1
1169805	1
1236773	1
1303733	1
1370691	1
1437652	1
1504624	1
1578899	1
1645979	1
1780759	1
1847755	1
1914757	1
1981733	1
2048703	1
2115663	1
2182622	1
2249584	1
2316564	1
2383526	1
17965160	1
17988505	1
18011703	1
18034892	1
18058077	1
18081362	1
18104537	1
18127703	1
18150889	1
18174195	1
18221223	1
18244411	1
18267606	1
18291155	1
18314321	1
18337512	1
18360706	1
18383974	1
18407145	1
18430338	1
18476861	1
18500157	1
18523351	1
18546541	1
18569707	1
18592987	1
18616182	1
18639368	1
18662534	1
18685848	1
18732391	1
18755557	1
18778736	1
18802082	1
18825265	1
18848429	1
18871608	1
18894806	1
18917985	1
18941150	1
18987765	1
19010946	1
19034110	1
19057298	1
19080492	1
19103666	1
19126833	1
19150022	1
19173217	1
19196677	1
19243204	1
19266396	1
19289566	1
19313039	1
19336233	1
19359423	1
19382589	1
19405855	1
19429051	1
19452239	1
19498755	1
19522199	1
19545385	1
19568550	1
19591727	1
19615271	1
19638454	1
19661619	1
19684798	1
19708240	1
19754800	1
19777982	1
19801179	1
19824692	1
19847857	1
19871039	1
19894236	1
19917503	1
19940667	1
19963854	1
20010554	1
20033861	1
20057048	1
20080244	1
20103417	1
20126720	1
20149909	1
20173103	1
20196272	1
20219442	1
20266032	1
20289200	1
20312372	1
20335567	1
20358753	1
20381921	1
20405097	1
20428292	1
20451477	1
20474643	1
20521194	1
20544719	1
20567885	1
20591064	1
20614262	1
20637534	1
20660698	1
20683881	1
20707076	1
20730389	1
20806371	1
20829589	1
20852760	1
20876040	1
20899232	1
20922426	1
20945594	1
20968947	1
20992141	1
21015330	1
21062162	1
21085488	1
21108676	1
21131842	1
21155018	1
21178505	1
21201692	1
21224858	1
21248033	1
21271321	1
21318337	1
21341518	1
21364714	1
21387897	1
21411059	1
21434242	1
21457437	1
21480618	1
21503784	1
21526967	1
21573608	1
21596775	1
21619962	1
21643157	1
21666333	1
21689601	1
21712789	1
21735985	1
21759156	1
21782462	1
21828998	1
21852168	1
21875338	1
21898621	1
21921811	1
21944979	1
21968152	1
21991649	1
22014835	1
22038001	1
22084408	1
22107594	1
22130758	1
22153937	1
22177134	1
22200319	1
22223483	1
22246664	1
22269860	1
22293039	1
22339586	1
22362786	1
22385961	1
22409428	1
22432614	1
22455810	1
22478984	1
22502280	1
22525466	1
22548660	1
22595070	1
22618359	1
22641553	1
22664720	1
22687892	1
22711220	1
22734410	1
22757578	1
22780751	1
22804116	1
22851010	1
22874185	1
22897381	1
22920569	1
22943733	1
22966910	1
22990105	1
23013290	1
23036454	1
23059635	1
23106251	1
23129417	1
23152600	1
23175796	1
23198975	1
23222140	1
23245325	1
23268521	1
23291696	1
23314862	1
23361451	1
23384628	1
23407794	1
23430984	1
23454177	1
23477347	1
23500517	1
23523710	1
23546899	1
23570067	1
23616607	1
23639795	1
23662961	1
23686136	1
23709332	1
23732519	1
23755682	1
23778859	1
23802058	1
23825240	1
23871790	1
23894993	1
23918171	1
23941336	1
23964518	1
23987716	1
24010893	1
24034059	1
24057245	1
24080441	1
24127158	1
24150348	1
24173543	1
24196715	1
24225172	1
24248423	1
24294539	1
24318631	1
24342735	1
24366857	1
24415434	1
24439531	1
24463644	1
24487768	1
24511877	1
24535966	1
24560073	1
24584195	1
24608308	1
24632403	1
24680789	1
24704912	1
24729013	1
24757308	1
24781403	1
24805521	1
24829639	1
24853739	1
24877834	1
24901947	1
24950616	1
24974709	1
24998814	1
25022935	1
25047051	1
25071148	1
25095244	1
25119361	1
25143483	1
25167586	1
25215996	1
25240120	1
25264233	1
25310828	1
25334025	1
25357209	1
25380373	1
25403551	1
25426750	1
25449930	1
25496441	1
25519640	1
25542819	1
25565983	1
25589167	1
25612364	1
25635541	1
25658706	1
25681893	1
25705089	1
25751631	1
25774823	1
25798018	1
25821186	1
25844358	1
25867557	1
25890747	1
25913915	1
25937088	1
25960284	1
26006984	1
26030157	1
26053354	1
26076538	1
26099704	1
26122881	1
26146078	1
26169261	1
26192427	1
26215606	1
26262083	1
26285249	1
26331815	1
26355919	1
26380012	1
26404118	1
26428241	1
26452354	1
26476450	1
26500550	1
26551335	1
26575443	1
26599536	1
26623642	1
26647764	1
26671878	1
26695975	1
26720073	1
26744189	1
26768309	1
26819066	1
26843168	1
26867288	1
26891406	1
26915504	1
26939600	1
26963715	1
26987837	1
27011944	1
27036036	1
27084362	1
27108475	1
27132569	1
27156670	1
27180788	1
27204907	1
27229010	1
27253103	1
27299691	1
27322866	1
27369316	1
27392509	1
27415683	1
27438851	1
27462042	1
27485235	1
27508405	1
27531574	1
27554768	1
27577958	1
27624386	1
27647582	1
27670770	1
27694244	1
27717419	1
27740614	1
27763800	1
27786965	1
27810142	1
27833339	1
27879781	1
27902964	1
27926161	1
27949341	1
27972504	1
27995688	1
28018885	1
28042062	1
28065226	1
28088414	1
28134878	1
28158044	1
28181234	1
28204427	1
28227599	1
28250767	1
28273961	1
28320523	1
28344621	1
28368777	1
28417097	1
28441191	1
28465302	1
28489426	1
28513535	1
28537628	1
28561730	1
28585851	1
28609970	1
28634067	1
28682375	1
28706496	1
28730604	1
28759776	1
28783866	1
28807979	1
28832101	1
28856210	1
28880302	1
28904408	1
28955215	1
28979318	1
29003411	1
29027522	1
29051646	1
29075755	1
29099848	1
29123952	1
29148072	1
29172188	1
29220481	1
29244597	1
29268720	1
29292826	1
29316919	1
29341026	1
29365148	1
29389261	1
29413355	1
29437456	1
29485792	1
29509895	1
29533990	1
29558102	1
29582224	1
29606333	1
29630425	1
29654531	1
29678653	1
29702767	1
29751056	1
29775173	1
29799295	1
29823398	1
29847490	1
29871601	1
29895723	1
29919834	1
29943927	1
29968031	1
30016367	1
30040467	1
30064563	1
30088677	1
30112798	1
30136905	1
30160997	1
30185104	1
30209228	1
30233340	1
30281632	1
30328181	1
30351347	1
30374520	1
30397715	1
30420903	1
30444068	1
30467245	1
30490441	1
30513626	1
30560138	1
30583335	1
30606516	1
30629680	1
30652861	1
30676061	1
30687653	1
30710846	1
30734035	1
30757202	1
30803735	1
30826923	1
30850088	1
30873265	1
30896462	1
30919646	1
30942809	1
30965990	1
30989188	1
31012369	1
31064407	1
31087669	1
31110862	1
31134033	1
31157202	1
31180395	1
31203587	1
31226755	1
31249926	1
31273122	1
31344192	1
31368308	1
31392426	1
31416528	1
31440622	1
31464735	1
31488856	1
31512966	1
31537058	1
31561164	1
31609553	1
31633654	1
31657750	1
31681866	1
31705988	1
31730092	1
31754185	1
31778293	1
31802416	1
31826527	1
31874880	1
31899002	1
31923118	1
31947220	1
31971314	1
31995426	1
32019549	1
32043658	1
32067750	1
32091856	1
32140248	1
32164347	1
32188444	1
32212562	1
32236682	1
32260786	1
32284878	1
32331043	1
32354218	1
32377384	1
32423918	1
32447093	1
32470261	1
32493451	1
32516644	1
32539814	1
32562984	1
32586177	1
32609367	1
32632535	1
32726616	1
33328218	1
33352349	1
33376447	1
33400560	1
33424788	1
33593087	1
33617239	1
33641356	1
33665454	1
33714351	1
33738475	1
33762584	1
36719382	1
36756955	1
36781075	1
36805196	1
36829450	1
36853549	1
36877645	1
36926635	1
36950878	1
36974976	1
36999079	1
37023200	1
37047450	1
37071548	1
37095645	1
37119758	1
37143980	1
37192374	1
37216483	1
37240605	1
37264848	1
37288942	1
37313042	1
37337159	1
37361369	1
37385471	1
37409565	1
37457999	1
37482402	1
37506494	1
37530598	1
37554718	1
37579151	1
37603248	1
37627344	1
37651457	1
37675581	1
37723977	1
37748086	1
37772208	1
37796321	1
37820417	1
37844517	1
37868634	1
37892754	1
37916857	1
37940951	1
37989419	1
38013663	1
38037756	1
38061857	1
38085977	1
38110416	1
38134516	1
38158611	1
38182724	1
38206847	1
38255254	1
38279361	1
38324848	1
38348014	1
38371195	1
38394394	1
38417569	1
38440736	1
38463920	1
38487116	1
38533859	1
38557380	1
38580578	1
38603751	1
38626917	1
38650243	1
38673437	1
38696608	1
38719776	1
38742970	1
38789527	1
38812698	1
38835892	1
38859082	1
38882248	1
38905423	1
38928618	1
38951804	1
38974969	1
38998146	1
39044678	1
39067844	1
39091023	1
39114220	1
39137401	1
39160725	1
39183906	1
39207105	1
39230282	1
39253448	1
39300024	1
39323203	1
39346368	1
39369555	1
39392751	1
39415924	1
39439090	1
39462280	1
39485474	1
39508644	1
39555206	1
39578398	1
39601566	1
39624739	1
39647933	1
39671235	1
39694401	1
39717577	1
39740772	1
39764046	1
39810586	1
39833784	1
39856966	1
39880289	1
39903468	1
39926667	1
39949847	1
39973136	1
39996318	1
40019515	1
40066068	1
40089359	1
40112554	1
40135731	1
40158895	1
40182173	1
40205366	1
40228542	1
40251708	1
40275007	1
40321531	1
40344700	1
40367893	1
40391178	1
40414345	1
40437517	1
40460711	1
40484011	1
40507177	1
40530350	1
40577119	1
40600390	1
40623567	1
40646764	1
40669948	1
40693248	1
40716425	1
40739623	1
40772044	1
40795341	1
40841898	1
40865095	1
40888280	1
40911545	1
40934725	1
40957923	1
40981103	1
41004417	1
41027597	1
41050795	1
41097300	1
41120602	1
41132216	1
41155392	1
41178587	1
41201915	1
41225081	1
41248258	1
41271455	1
41294767	1
41365830	1
41389943	1
41414039	1
41438262	1
41462380	1
41486500	1
41510611	1
41534873	1
41558982	1
41583106	1
41631508	1
41655611	1
41679731	1
41703848	1
41727948	1
41752043	1
41776161	1
41800278	1
41824385	1
41848478	1
41896892	1
41921005	1
41945100	1
41969329	1
41993449	1
42017570	1
42041671	1
42065853	1
42089964	1
42114088	1
42162479	1
42186718	1
42210840	1
42234956	1
42259056	1
42283327	1
42307442	1
42331564	1
42355671	1
42380044	1
42428760	1
42452875	1
42476973	1
42501192	1
42525308	1
42549428	1
42573532	1
42597875	1
42682259	1
42706391	1
42755580	1
42779775	1
42803897	1
42828013	1
42852110	1
42876332	1
42900447	1
42924568	1
42948672	1
42973043	1
43021557	1
43045670	1
43069763	1
43093982	1
43118099	1
43142219	1
43166320	1
43190532	1
43214641	1
43238766	1
43287197	1
43311480	1
43335601	1
43359718	1
43383817	1
43408014	1
43432128	1
43456250	1
43480354	1
43504770	1
43553332	1
43577444	1
43601541	1
43626077	1
43650194	1
43674316	1
43698418	1
43722610	1
43746721	1
43770844	1
43819309	1
43843574	1
43867692	1
43891810	1
43915910	1
43940119	1
43964232	1
43988354	1
44012461	1
44036647	1
44085065	1
44109182	1
44133278	1
44157493	1
44181608	1
44205730	1
44229833	1
44254167	1
44278274	1
44334710	1
44385099	1
44410412	1
44435523	1
44460648	1
44485767	1
44510981	1
44536078	1
44561191	1
44586314	1
44611435	1
44661829	1
44686939	1
44712060	1
44737185	1
44785609	1
44810737	1
44835862	1
44860983	1
44886091	1
44911190	1
44962007	1
44987246	1
45012356	1
45037454	1
45062562	1
45087772	1
45112898	1
45138009	1
45163110	1
45188216	1
45238721	1
45263835	1
45312194	1
45336314	1
45360432	1
45384531	1
45408627	1
45432740	1
45456863	1
45480969	1
45529426	1
45553547	1
45577663	1
45601759	1
45625858	1
45649976	1
45674098	1
45698200	1
45722295	1
45746573	1
45795048	1
45819140	1
45843243	1
45867552	1
45891670	1
45915770	1
45939865	1
45964121	1
45988243	1
46012349	1
46060749	1
46084980	1
46109096	1
46133191	1
46157290	1
46182476	1
46206598	1
46230705	1
46254797	1
46279036	1
46327550	1
46351645	1
46375745	1
46400119	1
46424239	1
46448340	1
46472435	1
46496657	1
46520783	1
46544892	1
46593357	1
46617692	1
46641812	1
46665911	1
46690007	1
46714754	1
46738880	1
46762985	1
46787080	1
46811302	1
46859745	1
46883843	1
46907941	1
46932197	1
46956320	1
46980426	1
47004519	1
47028726	1
47052848	1
47076961	1
47126047	1
47150372	1
47174496	1
47198600	1
47222692	1
47246911	1
47271033	1
47295144	1
47319239	1
47343555	1
47391974	1
47416074	1
47440169	1
47464433	1
47488557	1
47512664	1
47536757	1
47560953	1
47585076	1
47609191	1
437264	2
504665	2
571669	2
1144796	2
1211824	2
1278806	2
1345770	2
1412746	2
1479725	2
1546697	2
1681697	2
1748712	2
1815682	2
1885145	2
1952119	2
2019084	2
2086048	2
2155454	2
2543851	2
2610889	2
2745808	2
2812816	2
2879787	2
2946761	2
3170852	2
3237907	2
3304862	2
3371820	2
3438783	2
3505900	2
3640920	2
3707887	2
3784309	2
3851531	2
3918505	2
3985473	2
4052435	2
4119392	2
4186350	2
4253318	2
4354373	2
4421341	2
4488313	2
4555265	2
4622221	2
4689189	2
4819065	2
4879398	2
4939666	2
4999935	2
5120892	2
5181167	2
5241442	2
5301717	2
5857628	2
5917969	2
5978234	2
6038499	2
6098763	2
6159030	2
6280270	2
6340539	2
6400816	2
6461091	2
6521365	2
6581638	2
6641914	2
6702183	2
6762452	2
6822864	2
6943622	2
7003886	2
7064153	2
7124647	2
7184918	2
7245195	2
7305470	2
7365744	2
7426019	2
7486291	2
7607061	2
7667325	2
7727591	2
7787854	2
7848125	2
7908392	2
7968661	2
8028931	2
8089206	2
8149711	2
8270761	2
8331033	2
8391304	2
8451877	2
8512148	2
8572412	2
8632678	2
8693118	2
8786482	2
8846811	2
8985520	2
9040593	2
9095370	2
9150169	2
9204968	2
9259821	2
9314600	2
9369397	2
9424201	2
9479053	2
9588982	2
9643792	2
9747163	2
9802364	2
9857158	2
9911930	2
9966720	2
10021628	2
10076423	2
10131201	2
10241542	2
10296447	2
10351224	2
10406008	2
10460813	2
10515752	2
10570531	2
10877288	2
10932156	2
10987033	2
11097000	2
11151796	2
11206602	2
16905967	2
17102016	2
17152234	2
17198028	2
17221321	2
17244509	2
17267704	2
17314475	2
17337800	2
17360993	2
17384165	2
17407335	2
17430616	2
17453807	2
17476977	2
17500147	2
17523599	2
17570172	2
17593345	2
17616539	2
17639863	2
17663028	2
17686203	2
17709400	2
17732708	2
17755873	2
17779050	2
17825793	2
17849075	2
17872253	2
17895451	2
18089973	2
18113278	2
18136457	2
22661986	2
22685189	2
22708480	2
22755427	2
22778630	2
22790261	2
22813751	2
22836942	2
22860134	2
22883303	2
22906475	2
22929667	2
22952857	2
22999604	2
23022799	2
23045985	2
23069153	2
23092329	2
23115526	2
23138710	2
23161874	2
23185053	2
23208250	2
23254802	2
23277984	2
23301179	2
23324360	2
23347524	2
23370707	2
23393904	2
23417081	2
23440247	2
23463433	2
23510210	2
23533378	2
23556566	2
23579760	2
23602932	2
23626101	2
23649292	2
23672485	2
23695653	2
23718825	2
23765409	2
23788577	2
23811751	2
23834946	2
23858132	2
23881298	2
23904474	2
23927672	2
23950854	2
23974019	2
24020598	2
24043778	2
24066943	2
24090125	2
24113322	2
24136501	2
24159666	2
24182850	2
24206045	2
24229221	2
24299095	2
24323196	2
24347290	2
24371403	2
24395526	2
24419636	2
24443728	2
24467986	2
24492106	2
24516225	2
24564625	2
24589130	2
24613252	2
24637360	2
24661453	2
24685559	2
24709680	2
24733795	2
24762926	2
24787013	2
24835600	2
24859714	2
24883812	2
24907910	2
24932024	2
24956146	2
24980250	2
25004344	2
25028451	2
25052575	2
25100990	2
25125090	2
25149208	2
25173330	2
25197432	2
25221527	2
25245638	2
25269761	2
25316346	2
25339821	2
25386362	2
25409526	2
25432713	2
25455998	2
25467590	2
25490787	2
25513972	2
25537138	2
25560315	2
25583511	2
25630121	2
25653299	2
25676497	2
25699677	2
25722842	2
25746024	2
25769221	2
25866800	2
25896795	2
25920072	2
25969265	2
25992458	2
26015649	2
26038817	2
26061989	2
26085186	2
26108372	2
26131538	2
26154717	2
26177910	2
26224365	2
26247544	2
26270741	2
26317308	2
26341415	2
26365539	2
26389652	2
26413748	2
26437848	2
26461966	2
26512777	2
26536871	2
26560974	2
26585096	2
26609211	2
26633309	2
26657406	2
26681523	2
26705644	2
26729746	2
26780508	2
26804628	2
26828746	2
26852844	2
26876940	2
26901054	2
26925175	2
26949283	2
26973374	2
26997483	2
27045818	2
27069913	2
27094014	2
27118132	2
27142250	2
27166352	2
27190447	2
27214559	2
27238681	2
27262790	2
27332692	2
27355873	2
27379037	2
27402219	2
27425415	2
27448594	2
27471758	2
27494944	2
27518141	2
27541315	2
27587768	2
27610962	2
27634134	2
27657303	2
27680494	2
27703685	2
27726855	2
27750027	2
27773220	2
27796410	2
27842847	2
27866042	2
27889230	2
27912394	2
27935571	2
27958768	2
27981950	2
28005115	2
28028296	2
28051492	2
28097932	2
28121115	2
28144312	2
28167489	2
28190654	2
28213840	2
28237035	2
28260211	2
28283377	2
28329939	2
28378549	2
28402660	2
28426782	2
28450893	2
28474986	2
28499090	2
28523210	2
28547326	2
28571424	2
28595521	2
28646335	2
28670447	2
28694539	2
28718643	2
28756764	2
28780884	2
28805003	2
28829123	2
28853223	2
28877317	2
28928180	2
28952292	2
28976387	2
29000487	2
29024605	2
29048725	2
29072826	2
29096921	2
29121032	2
29145155	2
29193456	2
29217560	2
29241682	2
29265798	2
29289895	2
29313993	2
29338108	2
29362230	2
29386333	2
29410427	2
29458757	2
29482869	2
29506964	2
29531066	2
29555184	2
29579302	2
29603402	2
29627498	2
29651610	2
29675734	2
29726531	2
29750630	2
29774748	2
29798868	2
29822970	2
29847065	2
29871176	2
29895299	2
29919407	2
29943500	2
29991822	2
30015939	2
30040037	2
30064133	2
30088248	2
30112372	2
30136475	2
30160569	2
30184676	2
30208800	2
30257108	2
30281209	2
30327358	2
30350524	2
30373698	2
30396896	2
30420080	2
30443245	2
30466423	2
30489621	2
30538622	2
30561797	2
30584993	2
30608179	2
30631345	2
30654522	2
30677719	2
30700902	2
30724066	2
30747245	2
30793782	2
30816946	2
30840129	2
30863326	2
30886505	2
30909669	2
30932854	2
30956051	2
30979226	2
31002392	2
31048938	2
31072112	2
31095280	2
31118470	2
31141663	2
31164833	2
31188003	2
31211196	2
31234386	2
31257554	2
31328107	2
31352204	2
31376302	2
31400419	2
31424539	2
31448644	2
31472737	2
31496846	2
31520968	2
31545079	2
31595893	2
31620006	2
31644130	2
31668235	2
31692328	2
31716435	2
31740559	2
31764672	2
31788765	2
31812865	2
31861268	2
31885371	2
31909465	2
31933576	2
31957700	2
31981809	2
32005901	2
32030006	2
32054126	2
32078243	2
32126606	2
32150723	2
32174843	2
32198948	2
32223041	2
32247149	2
32271274	2
32295385	2
32341308	2
32364507	2
32413521	2
32436696	2
32459891	2
32483078	2
32506242	2
32529421	2
32552616	2
32575801	2
32598965	2
32622146	2
32668684	2
32691852	2
32715033	2
32738230	2
32769787	2
32793033	2
32816192	2
32839376	2
32862572	2
32885750	2
32932345	2
32955541	2
32978716	2
33001884	2
33025076	2
33048266	2
33071436	2
33094608	2
33117799	2
33140991	2
33187526	2
33210720	2
33233909	2
33257076	2
33280249	2
33846616	2
33870772	2
33894912	2
33919021	2
33943112	2
33991987	2
34016105	2
34040203	2
34064424	2
34088538	2
34112660	2
34136765	2
34163084	2
34187186	2
34211306	2
34259917	2
34286512	2
34310620	2
34334742	2
34358856	2
34382951	2
34407050	2
34431167	2
34455287	2
34479388	2
34527938	2
34552064	2
34576175	2
34600268	2
34624370	2
34648490	2
34672608	2
34697004	2
34721100	2
34745213	2
34793842	2
34818038	2
34842145	2
34866265	2
34890382	2
34916697	2
34940791	2
34964902	2
34989026	2
35013135	2
35061732	2
35085855	2
35109973	2
35134071	2
35158167	2
35182281	2
35206403	2
35230509	2
35254602	2
35278710	2
35327124	2
35351403	2
35375503	2
35399622	2
35423742	2
35450382	2
35810675	2
39851636	2
39874985	2
39898214	2
39945957	2
39969129	2
39992322	2
40015513	2
40038681	2
40061855	2
40085050	2
40108236	2
40131403	2
40154578	2
40201108	2
40224273	2
40247450	2
40270650	2
40293830	2
40317139	2
40340320	2
40363516	2
40386695	2
40410002	2
40456872	2
40480049	2
40503213	2
40526487	2
40549684	2
40572858	2
40596024	2
40619305	2
40642498	2
40665672	2
40712181	2
40735489	2
40771491	2
40794692	2
40817856	2
40841124	2
40864323	2
40887502	2
40910668	2
40933987	2
40980550	2
41003713	2
41026897	2
41050200	2
41073377	2
41096543	2
41119729	2
41143057	2
41166232	2
41189398	2
41235933	2
41259271	2
41282439	2
41328546	2
41352644	2
41376878	2
41400992	2
41425114	2
41449219	2
41473442	2
41521870	2
41545983	2
41570078	2
41594316	2
41618435	2
41642553	2
41666657	2
41690838	2
41714949	2
41739071	2
41787429	2
41811619	2
41835743	2
41859857	2
41883957	2
41908160	2
41932274	2
41956396	2
41980502	2
42004687	2
42053097	2
42077209	2
42101305	2
42125495	2
42149613	2
42173733	2
42197836	2
42222021	2
42246132	2
42270254	2
42318645	2
42342880	2
42367001	2
42391117	2
42415215	2
42439451	2
42463565	2
42487688	2
42511792	2
42536011	2
42584922	2
42609035	2
42633132	2
42657327	2
42681443	2
42705565	2
42729667	2
42753870	2
42777981	2
42802103	2
42850457	2
42874698	2
42898820	2
42922936	2
42947036	2
42971263	2
42995375	2
43019497	2
43043605	2
43067855	2
43116248	2
43140364	2
43164461	2
43188764	2
43212881	2
43237001	2
43261106	2
43285303	2
43309412	2
43333534	2
43381990	2
43406295	2
43430413	2
43454531	2
43478633	2
43502865	2
43526979	2
43551101	2
43575208	2
43599537	2
43647917	2
43672031	2
43696130	2
43720345	2
43744459	2
43768581	2
43792687	2
43816920	2
43841029	2
43865151	2
43913590	2
43937811	2
43961929	2
43986051	2
44010153	2
44034350	2
44056122	2
44080243	2
44104345	2
44128704	2
44177149	2
44201260	2
44225354	2
44249597	2
44273717	2
44329357	2
44354463	2
44379661	2
44404770	2
44429895	2
44480309	2
44505584	2
44530692	2
44555816	2
44580940	2
44606051	2
44631152	2
44656260	2
44681381	2
44706504	2
44767996	2
44793224	2
44818323	2
44843431	2
44868552	2
44893677	2
44918786	2
44943887	2
44968995	2
44994115	2
45044590	2
45069690	2
45094796	2
45119915	2
45145042	2
45170155	2
45195256	2
45220360	2
45245477	2
45270721	2
45343288	2
45367410	2
45391526	2
45415777	2
45439871	2
45463986	2
45488110	2
45512373	2
45536465	2
45560572	2
45608986	2
45633459	2
45657555	2
45681672	2
45705792	2
45730048	2
45754142	2
45778249	2
45802373	2
45826627	2
45875064	2
45899183	2
45923303	2
45947983	2
45972077	2
45996188	2
46020314	2
46044592	2
46068685	2
46092790	2
46141307	2
46165616	2
46189713	2
46213826	2
46237948	2
46262317	2
46286410	2
46310517	2
46334639	2
46358878	2
46407254	2
46431370	2
46455491	2
46479930	2
46504023	2
46528132	2
46552256	2
46576681	2
46600776	2
46624878	2
46673395	2
46697630	2
46721724	2
46745835	2
46769959	2
46794199	2
46818292	2
46842396	2
46866516	2
46890758	2
46939150	2
46963267	2
46987387	2
47011882	2
47035975	2
47060082	2
47084206	2
47109020	2
47133114	2
47157214	2
47205782	2
47230190	2
47254282	2
47278391	2
47302513	2
47326985	2
47351081	2
47375182	2
47399301	2
47423548	2
47471917	2
47496026	2
47520149	2
47544578	2
47568670	2
47592774	2
47616896	2
47641161	2
47665259	2
47689357	2
47737776	2
47762015	2
47786109	2
47810216	2
47834338	2
47858451	2
47882545	2
47906645	2
47930764	2
47955213	2
48003431	2
48027542	2
48051664	2
48075775	2
48099868	2
48123972	2
48148092	2
48172208	2
48196305	2
48220403	2
48268665	2
48309119	2
48332316	2
48355495	2
48378660	2
48401844	2
48425040	2
48448216	2
48471382	2
48494570	2
48540970	2
48564138	2
48587328	2
48610522	2
48633692	2
48656861	2
48680053	2
48703245	2
48726411	2
48758379	2
48804953	2
48828143	2
48851309	2
48874484	2
48897678	2
48920867	2
48944032	2
48967209	2
48990403	2
49013588	2
49059957	2
49083155	2
49106335	2
49129501	2
49152681	2
49175878	2
49199057	2
49222221	2
49245405	2
49268602	2
49314975	2
49338164	2
49361357	2
49384531	2
49407699	2
49430889	2
49454082	2
49477252	2
49500422	2
49523615	2
49570000	2
49593173	2
49616369	2
49639555	2
49662719	2
49685896	2
49709092	2
49732279	2
49755442	2
49778621	2
470759	3
538009	3
604990	3
671964	3
738936	3
864072	3
931071	3
998034	3
1065506	3
1132463	3
1267607	3
1334593	3
1401551	3
1471005	3
1537979	3
1604958	3
1671930	3
1738895	3
1805851	3
1872814	3
2006916	3
2073896	3
2140866	3
2207834	3
2274788	3
2341749	3
2408719	3
2475695	3
2542726	3
2614153	3
2748454	3
2815420	3
2882393	3
2949370	3
3016340	3
3083303	3
3150262	3
3217222	3
3284190	3
3351162	3
3485310	3
3552278	3
3585820	3
3652775	3
3719737	3
3786709	3
3853688	3
3920658	3
3987626	3
4054586	3
4189083	3
4256057	3
4323036	3
4390008	3
4456973	3
4523933	3
4598328	3
4665471	3
4732433	3
4827824	3
4949063	3
5009329	3
5069595	3
5129861	3
5190131	3
5250399	3
5310680	3
5370942	3
5431217	3
5491493	3
5612477	3
5672746	3
5733018	3
5793285	3
5853550	3
5913815	3
5974082	3
6034350	3
6094622	3
6154891	3
6275873	3
6336149	3
6396425	3
6456698	3
6516969	3
6577239	3
6637509	3
6697773	3
6758039	3
6818303	3
6939501	3
6999771	3
7060042	3
7120623	3
7180899	3
7241174	3
7301447	3
7361720	3
7421993	3
7482259	3
7603354	3
7663616	3
7723886	3
7784154	3
7844420	3
7904692	3
7964964	3
8025239	3
8085514	3
8145790	3
8266859	3
8327127	3
8387396	3
8447663	3
8507927	3
8568191	3
8628459	3
8689030	3
8786710	3
8847034	3
8980577	3
9035654	3
9090446	3
9145252	3
9200046	3
9255137	3
9309927	3
9364733	3
9419527	3
9474397	3
9584559	3
9639354	3
9694135	3
9748993	3
9803800	3
9858597	3
9913376	3
9968281	3
10023086	3
10077883	3
10187704	3
10242612	3
10297416	3
10352195	3
10406977	3
10461877	3
10516680	3
10571460	3
10626244	3
10681041	3
10791133	3
11277473	3
11332342	3
11387191	3
11441965	3
11496758	3
11551565	3
11606593	3
11661366	3
11716154	3
11826441	3
11881314	3
11936101	3
11990909	3
12045704	3
12100754	3
12155539	3
12210345	3
12265142	3
12319981	3
12429754	3
12484559	3
12539336	3
12594412	3
12649212	3
12704015	3
12780388	3
12835295	3
12890096	3
12944873	3
13054771	3
13109877	3
13164656	3
13219438	3
13274239	3
13329135	3
13383954	3
13438735	3
13493532	3
13548607	3
13658399	3
13713196	3
13768002	3
13822891	3
13877668	3
13932463	3
13987270	3
14042165	3
14096941	3
14151734	3
14261548	3
14316442	3
14371234	3
14426040	3
14480832	3
14535664	3
14590456	3
14645264	3
14700054	3
14754935	3
14864745	3
14919540	3
14974316	3
15029490	3
15084292	3
15139089	3
15193865	3
15248727	3
15303535	3
15358332	3
15468316	3
15523230	3
15578027	3
15632806	3
15687587	3
15742511	3
15797310	3
15852090	3
15906872	3
15961782	3
16071619	3
16126396	3
16181199	3
16236086	3
16290866	3
16345643	3
16400441	3
16455530	3
16510314	3
16565093	3
16674892	3
16729944	3
16824466	3
16986458	3
17212255	3
17235608	3
17258778	3
17281948	3
17305140	3
17328473	3
17375237	3
17398430	3
17421620	3
17444930	3
17468103	3
17491300	3
17514486	3
17537740	3
17560916	3
17584113	3
17630623	3
17653890	3
17677085	3
17700268	3
17723432	3
17746722	3
17769919	3
17793100	3
17816264	3
17839549	3
17886109	3
17909276	3
17932464	3
17955750	3
17978926	3
18002093	3
18025280	3
18048644	3
18176478	3
19009992	3
19057090	3
19080427	3
20971896	3
21114292	3
21306193	3
21369431	3
21490025	3
21611333	3
21680295	3
21949914	3
22646800	3
25832287	3
25855482	3
25878956	3
25902138	3
25925334	3
25948512	3
25974183	3
25985812	3
26008984	3
26058076	3
26083907	3
26107092	3
26130256	3
26153435	3
26176633	3
26199814	3
26222979	3
26246161	3
26269358	3
26339741	3
26363865	3
26395033	3
26419239	3
26443331	3
26467436	3
26491558	3
26515673	3
26539769	3
26563868	3
26612338	3
26636441	3
26660538	3
26684642	3
26708765	3
26732877	3
26756971	3
26781073	3
26805193	3
26829312	3
26877660	3
26901772	3
26925894	3
26950003	3
26974096	3
26998201	3
27022325	3
27046440	3
27070535	3
27094633	3
27143028	3
27167132	3
27191224	3
27215335	3
27239457	3
27263570	3
27309922	3
27333119	3
27356300	3
27379466	3
27426002	3
27449181	3
27472346	3
27495530	3
27518726	3
27541902	3
27565068	3
27588256	3
27611451	3
27634625	3
27681135	3
27704327	3
27727498	3
27750668	3
27773860	3
27797052	3
27820219	3
27843393	3
27866587	3
27889775	3
27936269	3
27959467	3
27982651	3
28005815	3
28028994	3
28052191	3
28075376	3
28098538	3
28121719	3
28144917	3
28191416	3
28214601	3
28237796	3
28260975	3
28284140	3
28330933	3
28355036	3
28379130	3
28403237	3
28427362	3
28475722	3
28499824	3
28523942	3
28548063	3
28572161	3
28596258	3
28620369	3
28644493	3
28668600	3
28692693	3
28741078	3
28770780	3
28794886	3
28818978	3
28843081	3
28867201	3
28891318	3
28915417	3
28939512	3
28963627	3
29012036	3
29036130	3
29060236	3
29084359	3
29108472	3
29132568	3
29156668	3
29180786	3
29204906	3
29229008	3
29277369	3
29301493	3
29325602	3
29349694	3
29373799	3
29397921	3
29422036	3
29446134	3
29470230	3
29494347	3
29542817	3
29566912	3
29591019	3
29615143	3
29639254	3
29663347	3
29687449	3
29711569	3
29735687	3
29759787	3
29808153	3
29832277	3
29856382	3
29880476	3
29904581	3
29928703	3
29952819	3
29976916	3
30001014	3
30025130	3
30073512	3
30097606	3
30121715	3
30145838	3
30169948	3
30194042	3
30218146	3
30242266	3
30266384	3
30290483	3
30359799	3
30382967	3
30406138	3
30429334	3
30452521	3
30475688	3
30498863	3
30522059	3
30545246	3
30568410	3
30614937	3
30638121	3
30661284	3
30684465	3
30707662	3
30730842	3
30754009	3
30777193	3
30800387	3
30823566	3
30870069	3
30893265	3
30916440	3
30939606	3
30962794	3
30985990	3
31009163	3
31032331	3
31055523	3
31078715	3
31125207	3
31148400	3
31171589	3
31194756	3
31217930	3
31241126	3
31264314	3
31310934	3
31335056	3
31359171	3
31407990	3
31432107	3
31456228	3
31480334	3
31504426	3
31528535	3
31552659	3
31576769	3
31600866	3
31624966	3
31673357	3
31697458	3
31721552	3
31745665	3
31769787	3
31793896	3
31817989	3
31842093	3
31866215	3
31890330	3
31938682	3
31962799	3
31986920	3
32011024	3
32035116	3
32059227	3
32083351	3
32107461	3
32131556	3
32155658	3
32204052	3
32228152	3
32252246	3
32276360	3
32323449	3
32346615	3
32369804	3
32392998	3
32416173	3
32439340	3
32485875	3
32509047	3
32532215	3
32555409	3
32578598	3
32601768	3
32624940	3
32648133	3
32671322	3
32694488	3
32741222	3
32774793	3
32797983	3
32821154	3
32832773	3
32855955	3
32879118	3
32902302	3
32925498	3
32948677	3
32995371	3
33018566	3
33041741	3
33064908	3
33088095	3
33111291	3
33134462	3
33157632	3
33183750	3
33195422	3
33242310	3
33265499	3
33311616	3
33335736	3
33359853	3
33383953	3
33408047	3
33432163	3
33456289	3
33480391	3
33528884	3
33553008	3
33577119	3
33601214	3
33625314	3
33649434	3
33673552	3
33697654	3
33721749	3
33745860	3
33794752	3
33818847	3
33842950	3
33867071	3
33891187	3
33915285	3
33939382	3
33963497	3
33987617	3
34011722	3
34060591	3
34084714	3
34108827	3
34132924	3
34157022	3
34181141	3
34205259	3
34229362	3
34253456	3
34277565	3
34326331	3
34350424	3
34374528	3
34398648	3
34422764	3
34446864	3
34470959	3
34495073	3
34519195	3
34543303	3
34591961	3
34616083	3
34640198	3
34664294	3
34688391	3
34712508	3
34736628	3
34760732	3
34784826	3
34808937	3
34857696	3
34881790	3
34905892	3
34930012	3
34954128	3
34978228	3
35002323	3
35026768	3
35050890	3
35074997	3
35123366	3
35147488	3
35171603	3
35195699	3
35219798	3
35246402	3
35270525	3
35294634	3
35318727	3
35342832	3
35391532	3
35415633	3
35439728	3
35463841	3
35487964	3
35512070	3
35536161	3
35560269	3
35584392	3
35608505	3
35657068	3
35681184	3
35705304	3
35729410	3
35753500	3
35777738	3
35801862	3
35825973	3
35850064	3
35874168	3
35922788	3
35946887	3
35970982	3
35995184	3
36019306	3
36043413	3
36067503	3
36091722	3
36115844	3
36139958	3
36188465	3
36212713	3
36236834	3
36260937	3
36285030	3
36309139	3
36333263	3
36357374	3
36381465	3
36405580	3
36454168	3
36478266	3
36502362	3
36526475	3
36550597	3
36574704	3
36598798	3
36622904	3
36647026	3
36671140	3
36719714	3
36766737	3
36790846	3
36814941	3
36839053	3
36863177	3
36887283	3
36911377	3
36935483	3
36959736	3
36996137	3
37020261	3
37044370	3
37068555	3
37092658	3
37116780	3
37140895	3
37165101	3
37189195	3
37213312	3
37261911	3
37286195	3
37310302	3
37334424	3
37358536	3
37382956	3
37407054	3
37431173	3
37455293	3
37479485	3
37528053	3
37552177	3
37576288	3
37600381	3
37624483	3
37648603	3
37672722	3
37696822	3
37720918	3
37745031	3
37793449	3
37817542	3
37841647	3
37865771	3
37889884	3
37914461	3
37938559	3
37962675	3
37986796	3
38010994	3
38059428	3
38083550	3
38107661	3
38131755	3
38155857	3
38179977	3
38204093	3
38228194	3
38252289	3
38276403	3
38345585	3
38368774	3
38391967	3
38415139	3
38438309	3
38461811	3
38485003	3
38508173	3
38531344	3
38554701	3
38601314	3
38624487	3
38647682	3
38670870	3
38694036	3
38717211	3
38740409	3
38763595	3
38786757	3
38809938	3
38856564	3
38879728	3
38902909	3
38926106	3
38949287	3
38972598	3
38995781	3
39018981	3
39042157	3
39065418	3
39111969	3
39135145	3
39158311	3
39181499	3
39204692	3
39227866	3
39251034	3
39274227	3
39297420	3
39320589	3
39367113	3
39390303	3
39413469	3
39436644	3
39459840	3
39483026	3
39506192	3
39529369	3
39552565	3
39575751	3
39622327	3
39645526	3
39668707	3
39692004	3
39715186	3
39738383	3
39761560	3
39784834	3
39808017	3
39831214	3
39877719	3
39900907	3
39924102	3
39947277	3
39980009	3
40003240	3
40026421	3
40049619	3
40072792	3
40095959	3
40142541	3
40165715	3
40188883	3
40212072	3
40235268	3
40258434	3
40281606	3
40304799	3
40327989	3
40351155	3
40397735	3
40420923	3
40444089	3
40467264	3
40490462	3
40513646	3
40536810	3
40571122	3
40594614	3
40617805	3
40664585	3
40687755	3
40710949	3
40734140	3
40767809	3
40790979	3
40814147	3
40837500	3
40860694	3
40883866	3
40930460	3
40953752	3
40976920	3
41000092	3
41023287	3
41046475	3
41069641	3
41092817	3
41116012	3
41139197	3
41185694	3
41208890	3
41232075	3
41255239	3
41278420	3
41324153	3
41348246	3
41372354	3
41396477	3
41420588	3
41468982	3
41493100	3
41517218	3
41541319	3
41565416	3
41589527	3
41613650	3
41637758	3
41661850	3
41686046	3
41734480	3
41758578	3
41782675	3
41806941	3
41831063	3
41855166	3
41879261	3
41903368	3
41927492	3
41951603	3
41999994	3
42024155	3
42048275	3
42072375	3
42096469	3
42120581	3
42144703	3
42168811	3
42192903	3
42217009	3
42265455	3
42289553	3
42313653	3
42338236	3
42362358	3
42386463	3
42410556	3
42434797	3
42458920	3
42483033	3
42531424	3
42555634	3
42579752	3
42603854	3
42627948	3
42652289	3
42676411	3
42700522	3
42724615	3
42748888	3
42797422	3
42821521	3
42845619	3
42869829	3
42893951	3
42918054	3
42942148	3
42966395	3
42990519	3
43014630	3
43062993	3
43087204	3
43111324	3
43135427	3
43159522	3
43183768	3
43207895	3
43232003	3
43256095	3
43280363	3
43328827	3
43352924	3
43377020	3
43401602	3
43425726	3
43449833	3
43473925	3
43498164	3
43522288	3
43546401	3
43595011	3
43619233	3
43643355	3
43667459	3
43691554	3
43715950	3
43740074	3
43764185	3
43788280	3
43812381	3
43860977	3
43885079	3
43909172	3
43933386	3
43957509	3
43981617	3
44005709	3
44029950	3
44054072	3
44078187	3
44126706	3
44151048	3
44175169	3
44199275	3
44223368	3
44247826	3
44271948	3
44327711	3
44352815	3
44378029	3
44428466	3
44453585	3
44478691	3
44504212	3
44529325	3
44554450	3
44579571	3
44604790	3
44629889	3
44654999	3
